f32 CameraAnim[] = {
0.999997f, 0.002315f, 0.000286f, -0.001309f,
0.000092f, -0.161729f, 0.986835f, -1.554488f,
0.002331f, -0.986833f, -0.161729f, -0.958861f,

1.000000f, 0.000661f, 0.000287f, -0.001309f,
-0.000176f, -0.161979f, 0.986794f, -1.554488f,
0.000699f, -0.986794f, -0.161979f, -0.958861f,

1.000000f, -0.000993f, 0.000288f, -0.001309f,
-0.000445f, -0.162229f, 0.986753f, -1.554488f,
-0.000933f, -0.986753f, -0.162230f, -0.958861f,

0.999996f, -0.002647f, 0.000288f, -0.001309f,
-0.000715f, -0.162479f, 0.986712f, -1.554488f,
-0.002565f, -0.986708f, -0.162480f, -0.958861f,

0.999991f, -0.004302f, 0.000289f, -0.001309f,
-0.000985f, -0.162728f, 0.986671f, -1.554488f,
-0.004197f, -0.986662f, -0.162730f, -0.958861f,

0.999982f, -0.005956f, 0.000289f, -0.001309f,
-0.001256f, -0.162976f, 0.986629f, -1.554488f,
-0.005829f, -0.986612f, -0.162981f, -0.958861f,

0.999971f, -0.007610f, 0.000290f, -0.001309f,
-0.001528f, -0.163224f, 0.986588f, -1.554488f,
-0.007460f, -0.986560f, -0.163231f, -0.958861f,

0.999957f, -0.009264f, 0.000291f, -0.001309f,
-0.001801f, -0.163472f, 0.986546f, -1.554488f,
-0.009092f, -0.986505f, -0.163481f, -0.958861f,

0.999940f, -0.010918f, 0.000291f, -0.001309f,
-0.002075f, -0.163719f, 0.986505f, -1.554488f,
-0.010723f, -0.986447f, -0.163732f, -0.958861f,

0.999921f, -0.012572f, 0.000292f, -0.001309f,
-0.002349f, -0.163965f, 0.986463f, -1.554488f,
-0.012354f, -0.986386f, -0.163982f, -0.958861f,

0.999899f, -0.014226f, 0.000292f, -0.001309f,
-0.002625f, -0.164212f, 0.986422f, -1.554488f,
-0.013985f, -0.986323f, -0.164232f, -0.958861f,

0.999874f, -0.015880f, 0.000293f, -0.001309f,
-0.002901f, -0.164457f, 0.986380f, -1.554488f,
-0.015616f, -0.986256f, -0.164482f, -0.958861f,

0.999846f, -0.017534f, 0.000294f, -0.001309f,
-0.003178f, -0.164702f, 0.986338f, -1.554488f,
-0.017246f, -0.986188f, -0.164733f, -0.958862f,

0.999816f, -0.019188f, 0.000294f, -0.001309f,
-0.003456f, -0.164947f, 0.986296f, -1.554488f,
-0.018876f, -0.986116f, -0.164983f, -0.958862f,

0.999783f, -0.020842f, 0.000295f, -0.001309f,
-0.003734f, -0.165191f, 0.986254f, -1.554488f,
-0.020507f, -0.986041f, -0.165233f, -0.958861f,

0.999747f, -0.022495f, 0.000295f, -0.001309f,
-0.004014f, -0.165435f, 0.986213f, -1.554488f,
-0.022136f, -0.985964f, -0.165483f, -0.958861f,

0.999708f, -0.024149f, 0.000296f, -0.001309f,
-0.004294f, -0.165678f, 0.986171f, -1.554488f,
-0.023766f, -0.985884f, -0.165734f, -0.958861f,

0.999667f, -0.025803f, 0.000296f, -0.001309f,
-0.004575f, -0.165921f, 0.986128f, -1.554488f,
-0.025396f, -0.985801f, -0.165984f, -0.958861f,

0.999623f, -0.027456f, 0.000297f, -0.001309f,
-0.004857f, -0.166163f, 0.986086f, -1.554488f,
-0.027025f, -0.985716f, -0.166234f, -0.958861f,

0.999576f, -0.029110f, 0.000298f, -0.001309f,
-0.005140f, -0.166405f, 0.986044f, -1.554488f,
-0.028654f, -0.985628f, -0.166484f, -0.958861f,

0.999527f, -0.030763f, 0.000298f, -0.001309f,
-0.005423f, -0.166647f, 0.986002f, -1.554488f,
-0.030283f, -0.985537f, -0.166734f, -0.958861f,

0.999474f, -0.032417f, 0.000299f, -0.001309f,
-0.005708f, -0.166887f, 0.985959f, -1.554488f,
-0.031912f, -0.985443f, -0.166985f, -0.958862f,

0.999419f, -0.034070f, 0.000299f, -0.001309f,
-0.005993f, -0.167128f, 0.985917f, -1.554488f,
-0.033540f, -0.985346f, -0.167235f, -0.958861f,

0.999362f, -0.035723f, 0.000300f, -0.001309f,
-0.006279f, -0.167368f, 0.985875f, -1.554488f,
-0.035168f, -0.985247f, -0.167485f, -0.958861f,

0.999301f, -0.037376f, 0.000301f, -0.001309f,
-0.006565f, -0.167607f, 0.985832f, -1.554488f,
-0.036796f, -0.985145f, -0.167735f, -0.958861f,

0.999238f, -0.039029f, 0.000301f, -0.001309f,
-0.006853f, -0.167846f, 0.985789f, -1.554488f,
-0.038424f, -0.985040f, -0.167985f, -0.958861f,

0.999172f, -0.040682f, 0.000302f, -0.001309f,
-0.007141f, -0.168084f, 0.985747f, -1.554488f,
-0.040051f, -0.984933f, -0.168235f, -0.958862f,

0.999103f, -0.042335f, 0.000302f, -0.001309f,
-0.007431f, -0.168322f, 0.985704f, -1.554488f,
-0.041679f, -0.984823f, -0.168485f, -0.958861f,

0.999032f, -0.043987f, 0.000303f, -0.001309f,
-0.007721f, -0.168559f, 0.985661f, -1.554488f,
-0.043306f, -0.984710f, -0.168736f, -0.958861f,

0.998958f, -0.045640f, 0.000304f, -0.001309f,
-0.008011f, -0.168796f, 0.985618f, -1.554488f,
-0.044932f, -0.984594f, -0.168986f, -0.958861f,

0.998881f, -0.047292f, 0.000304f, -0.001309f,
-0.008303f, -0.169032f, 0.985576f, -1.554488f,
-0.046559f, -0.984475f, -0.169236f, -0.958861f,

0.998801f, -0.048944f, 0.000305f, -0.001309f,
-0.008595f, -0.169268f, 0.985533f, -1.554488f,
-0.048185f, -0.984354f, -0.169486f, -0.958861f,

0.998719f, -0.050597f, 0.000305f, -0.001309f,
-0.008889f, -0.169503f, 0.985490f, -1.554488f,
-0.049811f, -0.984230f, -0.169736f, -0.958861f,

0.998634f, -0.052249f, 0.000306f, -0.001309f,
-0.009183f, -0.169738f, 0.985446f, -1.554488f,
-0.051436f, -0.984103f, -0.169986f, -0.958861f,

0.998546f, -0.053900f, 0.000306f, -0.001309f,
-0.009477f, -0.169972f, 0.985403f, -1.554488f,
-0.053062f, -0.983974f, -0.170236f, -0.958861f,

0.998456f, -0.055552f, 0.000307f, -0.001309f,
-0.009773f, -0.170206f, 0.985360f, -1.554488f,
-0.054687f, -0.983841f, -0.170486f, -0.958861f,

0.998363f, -0.057204f, 0.000308f, -0.001309f,
-0.010069f, -0.170439f, 0.985317f, -1.554488f,
-0.056311f, -0.983706f, -0.170736f, -0.958861f,

0.998267f, -0.058855f, 0.000308f, -0.001309f,
-0.010367f, -0.170672f, 0.985273f, -1.554488f,
-0.057936f, -0.983569f, -0.170986f, -0.958862f,

0.998168f, -0.060506f, 0.000309f, -0.001309f,
-0.010665f, -0.170904f, 0.985230f, -1.554488f,
-0.059560f, -0.983428f, -0.171236f, -0.958861f,

0.998066f, -0.062157f, 0.000309f, -0.001309f,
-0.010963f, -0.171135f, 0.985187f, -1.554488f,
-0.061184f, -0.983285f, -0.171486f, -0.958861f,

0.997962f, -0.063808f, 0.000310f, -0.001309f,
-0.011263f, -0.171366f, 0.985143f, -1.554488f,
-0.062807f, -0.983139f, -0.171736f, -0.958861f,

0.997855f, -0.065459f, 0.000311f, -0.001309f,
-0.011563f, -0.171597f, 0.985099f, -1.554488f,
-0.064430f, -0.982990f, -0.171986f, -0.958861f,

0.997746f, -0.067109f, 0.000311f, -0.001309f,
-0.011864f, -0.171827f, 0.985056f, -1.554488f,
-0.066053f, -0.982839f, -0.172236f, -0.958861f,

0.997633f, -0.068760f, 0.000312f, -0.001309f,
-0.012166f, -0.172056f, 0.985012f, -1.554488f,
-0.067676f, -0.982684f, -0.172486f, -0.958861f,

0.997518f, -0.070410f, 0.000312f, -0.001309f,
-0.012469f, -0.172285f, 0.984968f, -1.554488f,
-0.069298f, -0.982527f, -0.172736f, -0.958861f,

0.997400f, -0.072060f, 0.000313f, -0.001309f,
-0.012773f, -0.172514f, 0.984924f, -1.554488f,
-0.070920f, -0.982368f, -0.172985f, -0.958861f,

0.997280f, -0.073710f, 0.000313f, -0.001309f,
-0.013077f, -0.172741f, 0.984880f, -1.554488f,
-0.072541f, -0.982205f, -0.173235f, -0.958861f,

0.997156f, -0.075359f, 0.000314f, -0.001309f,
-0.013382f, -0.172969f, 0.984836f, -1.554488f,
-0.074162f, -0.982040f, -0.173485f, -0.958861f,

0.997030f, -0.077009f, 0.000315f, -0.001309f,
-0.013688f, -0.173195f, 0.984792f, -1.554488f,
-0.075783f, -0.981872f, -0.173735f, -0.958862f,

0.996902f, -0.078658f, 0.000315f, -0.001309f,
-0.013995f, -0.173421f, 0.984748f, -1.554488f,
-0.077403f, -0.981702f, -0.173985f, -0.958861f,

0.996770f, -0.080307f, 0.000316f, -0.001309f,
-0.014302f, -0.173647f, 0.984704f, -1.554488f,
-0.079024f, -0.981528f, -0.174235f, -0.958861f,

0.996636f, -0.081955f, 0.000316f, -0.001309f,
-0.014610f, -0.173872f, 0.984660f, -1.554488f,
-0.080643f, -0.981352f, -0.174485f, -0.958861f,

0.996499f, -0.083604f, 0.000317f, -0.001309f,
-0.014920f, -0.174097f, 0.984616f, -1.554488f,
-0.082263f, -0.981173f, -0.174734f, -0.958861f,

0.996359f, -0.085252f, 0.000318f, -0.001309f,
-0.015229f, -0.174321f, 0.984571f, -1.554488f,
-0.083881f, -0.980991f, -0.174984f, -0.958862f,

0.996217f, -0.086900f, 0.000318f, -0.001309f,
-0.015540f, -0.174544f, 0.984527f, -1.554488f,
-0.085500f, -0.980807f, -0.175234f, -0.958861f,

0.996072f, -0.088548f, 0.000319f, -0.001309f,
-0.015851f, -0.174767f, 0.984482f, -1.554488f,
-0.087118f, -0.980620f, -0.175484f, -0.958861f,

0.995924f, -0.090196f, 0.000319f, -0.001309f,
-0.016164f, -0.174989f, 0.984438f, -1.554488f,
-0.088736f, -0.980430f, -0.175734f, -0.958861f,

0.995773f, -0.091843f, 0.000320f, -0.001309f,
-0.016476f, -0.175211f, 0.984393f, -1.554488f,
-0.090353f, -0.980238f, -0.175983f, -0.958861f,

0.995620f, -0.093490f, 0.000321f, -0.001309f,
-0.016790f, -0.175432f, 0.984348f, -1.554488f,
-0.091970f, -0.980042f, -0.176233f, -0.958861f,

0.995464f, -0.095137f, 0.000321f, -0.001309f,
-0.017105f, -0.175652f, 0.984304f, -1.554488f,
-0.093587f, -0.979844f, -0.176483f, -0.958861f,

0.995305f, -0.096783f, 0.000322f, -0.001309f,
-0.017420f, -0.175872f, 0.984259f, -1.554488f,
-0.095203f, -0.979644f, -0.176733f, -0.958861f,

0.995144f, -0.098430f, 0.000322f, -0.001309f,
-0.017736f, -0.176092f, 0.984214f, -1.554488f,
-0.096819f, -0.979440f, -0.176982f, -0.958861f,

0.994980f, -0.100076f, 0.000323f, -0.001309f,
-0.018053f, -0.176311f, 0.984169f, -1.554488f,
-0.098434f, -0.979234f, -0.177232f, -0.958861f,

0.994813f, -0.101721f, 0.000323f, -0.001309f,
-0.018370f, -0.176529f, 0.984124f, -1.554488f,
-0.100049f, -0.979025f, -0.177482f, -0.958861f,

0.994643f, -0.103367f, 0.000324f, -0.001309f,
-0.018689f, -0.176747f, 0.984079f, -1.554488f,
-0.101664f, -0.978814f, -0.177731f, -0.958861f,

0.994471f, -0.105012f, 0.000325f, -0.001309f,
-0.019008f, -0.176964f, 0.984034f, -1.554488f,
-0.103278f, -0.978599f, -0.177981f, -0.958861f,

0.994296f, -0.106657f, 0.000325f, -0.001309f,
-0.019328f, -0.177180f, 0.983989f, -1.554488f,
-0.104891f, -0.978382f, -0.178231f, -0.958861f,

0.994118f, -0.108301f, 0.000326f, -0.001309f,
-0.019648f, -0.177396f, 0.983943f, -1.554488f,
-0.106505f, -0.978162f, -0.178481f, -0.958861f,

0.993938f, -0.109946f, 0.000326f, -0.001309f,
-0.019970f, -0.177611f, 0.983898f, -1.554488f,
-0.108117f, -0.977940f, -0.178730f, -0.958861f,

0.993754f, -0.111590f, 0.000327f, -0.001309f,
-0.020292f, -0.177826f, 0.983853f, -1.554488f,
-0.109730f, -0.977714f, -0.178980f, -0.958861f,

0.993568f, -0.113233f, 0.000328f, -0.001309f,
-0.020615f, -0.178040f, 0.983807f, -1.554488f,
-0.111341f, -0.977486f, -0.179229f, -0.958861f,

0.993380f, -0.114877f, 0.000328f, -0.001309f,
-0.020939f, -0.178254f, 0.983762f, -1.554488f,
-0.112953f, -0.977256f, -0.179479f, -0.958861f,

0.993188f, -0.116520f, 0.000329f, -0.001309f,
-0.021263f, -0.178467f, 0.983716f, -1.554488f,
-0.114564f, -0.977022f, -0.179729f, -0.958861f,

0.992994f, -0.118163f, 0.000329f, -0.001309f,
-0.021588f, -0.178679f, 0.983671f, -1.554488f,
-0.116174f, -0.976786f, -0.179978f, -0.958861f,

0.992797f, -0.119805f, 0.000330f, -0.001309f,
-0.021914f, -0.178891f, 0.983625f, -1.554488f,
-0.117784f, -0.976547f, -0.180228f, -0.958861f,

0.992598f, -0.121447f, 0.000330f, -0.001309f,
-0.022241f, -0.179102f, 0.983579f, -1.554488f,
-0.119394f, -0.976306f, -0.180477f, -0.958861f,

0.992396f, -0.123089f, 0.000331f, -0.001309f,
-0.022569f, -0.179313f, 0.983533f, -1.554488f,
-0.121003f, -0.976062f, -0.180727f, -0.958861f,

0.992191f, -0.124730f, 0.000332f, -0.001309f,
-0.022897f, -0.179522f, 0.983487f, -1.554488f,
-0.122611f, -0.975815f, -0.180976f, -0.958861f,

0.991983f, -0.126371f, 0.000332f, -0.001309f,
-0.023226f, -0.179732f, 0.983441f, -1.554488f,
-0.124219f, -0.975565f, -0.181226f, -0.958861f,

0.991773f, -0.128012f, 0.000333f, -0.001309f,
-0.023556f, -0.179941f, 0.983395f, -1.554488f,
-0.125827f, -0.975312f, -0.181475f, -0.958861f,

0.991560f, -0.129653f, 0.000333f, -0.001309f,
-0.023886f, -0.180149f, 0.983349f, -1.554488f,
-0.127434f, -0.975057f, -0.181725f, -0.958861f,

0.991344f, -0.131293f, 0.000334f, -0.001309f,
-0.024217f, -0.180356f, 0.983303f, -1.554488f,
-0.129040f, -0.974799f, -0.181975f, -0.958861f,

0.991125f, -0.132932f, 0.000335f, -0.001309f,
-0.024550f, -0.180563f, 0.983257f, -1.554488f,
-0.130646f, -0.974539f, -0.182224f, -0.958861f,

0.990904f, -0.134572f, 0.000335f, -0.001309f,
-0.024882f, -0.180769f, 0.983211f, -1.554488f,
-0.132252f, -0.974276f, -0.182473f, -0.958861f,

0.990680f, -0.136210f, 0.000336f, -0.001309f,
-0.025216f, -0.180975f, 0.983164f, -1.554488f,
-0.133857f, -0.974010f, -0.182723f, -0.958861f,

0.990453f, -0.137849f, 0.000336f, -0.001309f,
-0.025550f, -0.181180f, 0.983118f, -1.554488f,
-0.135461f, -0.973741f, -0.182972f, -0.958861f,

0.990224f, -0.139487f, 0.000337f, -0.001309f,
-0.025885f, -0.181384f, 0.983072f, -1.554488f,
-0.137065f, -0.973470f, -0.183222f, -0.958861f,

0.989992f, -0.141125f, 0.000338f, -0.001309f,
-0.026221f, -0.181588f, 0.983025f, -1.554488f,
-0.138668f, -0.973195f, -0.183471f, -0.958861f,

0.989757f, -0.142762f, 0.000338f, -0.001309f,
-0.026557f, -0.181791f, 0.982979f, -1.554488f,
-0.140271f, -0.972919f, -0.183721f, -0.958861f,

0.989519f, -0.144400f, 0.000339f, -0.001309f,
-0.026895f, -0.181994f, 0.982932f, -1.554488f,
-0.141873f, -0.972639f, -0.183970f, -0.958861f,

0.989279f, -0.146036f, 0.000339f, -0.001309f,
-0.027233f, -0.182196f, 0.982885f, -1.554488f,
-0.143475f, -0.972357f, -0.184219f, -0.958861f,

0.989036f, -0.147672f, 0.000340f, -0.001309f,
-0.027571f, -0.182397f, 0.982838f, -1.554488f,
-0.145076f, -0.972072f, -0.184469f, -0.958861f,

0.988791f, -0.149308f, 0.000340f, -0.001309f,
-0.027911f, -0.182598f, 0.982792f, -1.554488f,
-0.146677f, -0.971785f, -0.184718f, -0.958861f,

0.988542f, -0.150944f, 0.000341f, -0.001309f,
-0.028251f, -0.182798f, 0.982745f, -1.554488f,
-0.148277f, -0.971494f, -0.184968f, -0.958862f,

0.988291f, -0.152579f, 0.000342f, -0.001309f,
-0.028592f, -0.182997f, 0.982698f, -1.554488f,
-0.149876f, -0.971201f, -0.185217f, -0.958861f,

0.988038f, -0.154213f, 0.000342f, -0.001309f,
-0.028934f, -0.183196f, 0.982651f, -1.554488f,
-0.151475f, -0.970906f, -0.185466f, -0.958861f,

0.987781f, -0.155847f, 0.000343f, -0.001309f,
-0.029276f, -0.183394f, 0.982604f, -1.554488f,
-0.153073f, -0.970607f, -0.185715f, -0.958861f,

0.987522f, -0.157481f, 0.000343f, -0.001309f,
-0.029619f, -0.183591f, 0.982556f, -1.554488f,
-0.154671f, -0.970306f, -0.185965f, -0.958861f,

0.987260f, -0.159115f, 0.000344f, -0.001309f,
-0.029963f, -0.183788f, 0.982509f, -1.554488f,
-0.156268f, -0.970002f, -0.186214f, -0.958861f,

0.986996f, -0.160747f, 0.000345f, -0.001309f,
-0.030308f, -0.183984f, 0.982462f, -1.554488f,
-0.157865f, -0.969696f, -0.186463f, -0.958861f,

0.986728f, -0.162380f, 0.000345f, -0.001309f,
-0.030653f, -0.184180f, 0.982414f, -1.554488f,
-0.159461f, -0.969387f, -0.186713f, -0.958861f,

0.986458f, -0.164012f, 0.000346f, -0.001309f,
-0.030999f, -0.184374f, 0.982367f, -1.554488f,
-0.161056f, -0.969075f, -0.186962f, -0.958861f,

0.986186f, -0.165643f, 0.000346f, -0.001309f,
-0.031346f, -0.184569f, 0.982320f, -1.554488f,
-0.162651f, -0.968760f, -0.187211f, -0.958861f,

0.985910f, -0.167275f, 0.000347f, -0.001309f,
-0.031693f, -0.184762f, 0.982272f, -1.554488f,
-0.164245f, -0.968443f, -0.187460f, -0.958861f,

0.985632f, -0.168905f, 0.000347f, -0.001309f,
-0.032042f, -0.184955f, 0.982225f, -1.554488f,
-0.165839f, -0.968123f, -0.187710f, -0.958861f,

0.985352f, -0.170535f, 0.000348f, -0.001309f,
-0.032390f, -0.185147f, 0.982177f, -1.554488f,
-0.167431f, -0.967801f, -0.187959f, -0.958861f,

0.985068f, -0.172165f, 0.000349f, -0.001309f,
-0.032740f, -0.185339f, 0.982129f, -1.554488f,
-0.169024f, -0.967475f, -0.188208f, -0.958861f,

0.984782f, -0.173794f, 0.000349f, -0.001309f,
-0.033091f, -0.185530f, 0.982081f, -1.554488f,
-0.170615f, -0.967148f, -0.188457f, -0.958861f,

0.984493f, -0.175423f, 0.000350f, -0.001309f,
-0.033442f, -0.185720f, 0.982033f, -1.554488f,
-0.172206f, -0.966817f, -0.188706f, -0.958861f,

0.984202f, -0.177051f, 0.000350f, -0.001309f,
-0.033793f, -0.185909f, 0.981986f, -1.554488f,
-0.173797f, -0.966484f, -0.188956f, -0.958861f,

0.983907f, -0.178679f, 0.000351f, -0.001309f,
-0.034146f, -0.186098f, 0.981938f, -1.554488f,
-0.175387f, -0.966148f, -0.189205f, -0.958861f,

0.983610f, -0.180307f, 0.000352f, -0.001309f,
-0.034499f, -0.186287f, 0.981890f, -1.554488f,
-0.176976f, -0.965809f, -0.189454f, -0.958861f,

0.983311f, -0.181933f, 0.000352f, -0.001309f,
-0.034853f, -0.186474f, 0.981842f, -1.554488f,
-0.178564f, -0.965468f, -0.189703f, -0.958861f,

0.983009f, -0.183560f, 0.000353f, -0.001309f,
-0.035208f, -0.186661f, 0.981793f, -1.554488f,
-0.180152f, -0.965123f, -0.189952f, -0.958861f,

0.982704f, -0.185185f, 0.000353f, -0.001309f,
-0.035563f, -0.186847f, 0.981745f, -1.554488f,
-0.181739f, -0.964777f, -0.190201f, -0.958861f,

0.982396f, -0.186811f, 0.000354f, -0.001309f,
-0.035919f, -0.187033f, 0.981697f, -1.554488f,
-0.183325f, -0.964428f, -0.190450f, -0.958861f,

0.982085f, -0.188436f, 0.000355f, -0.001309f,
-0.036276f, -0.187217f, 0.981648f, -1.554488f,
-0.184911f, -0.964075f, -0.190699f, -0.958861f,

0.981772f, -0.190060f, 0.000355f, -0.001309f,
-0.036634f, -0.187402f, 0.981600f, -1.554488f,
-0.186496f, -0.963721f, -0.190948f, -0.958861f,

0.981457f, -0.191684f, 0.000356f, -0.001309f,
-0.036992f, -0.187585f, 0.981551f, -1.554488f,
-0.188081f, -0.963363f, -0.191197f, -0.958861f,

0.981138f, -0.193307f, 0.000356f, -0.001309f,
-0.037351f, -0.187768f, 0.981503f, -1.554488f,
-0.189664f, -0.963003f, -0.191446f, -0.958861f,

0.980817f, -0.194930f, 0.000357f, -0.001309f,
-0.037711f, -0.187950f, 0.981454f, -1.554488f,
-0.191247f, -0.962641f, -0.191695f, -0.958861f,

0.980493f, -0.196552f, 0.000357f, -0.001309f,
-0.038071f, -0.188131f, 0.981406f, -1.554488f,
-0.192830f, -0.962275f, -0.191944f, -0.958861f,

0.980167f, -0.198173f, 0.000358f, -0.001309f,
-0.038432f, -0.188312f, 0.981357f, -1.554488f,
-0.194411f, -0.961907f, -0.192193f, -0.958861f,

0.979838f, -0.199794f, 0.000359f, -0.001309f,
-0.038794f, -0.188492f, 0.981308f, -1.554488f,
-0.195992f, -0.961537f, -0.192442f, -0.958861f,

0.979506f, -0.201415f, 0.000359f, -0.001309f,
-0.039156f, -0.188671f, 0.981259f, -1.554488f,
-0.197573f, -0.961163f, -0.192691f, -0.958861f,

0.979171f, -0.203035f, 0.000360f, -0.001309f,
-0.039519f, -0.188850f, 0.981211f, -1.554488f,
-0.199152f, -0.960787f, -0.192940f, -0.958861f,

0.978834f, -0.204655f, 0.000360f, -0.001309f,
-0.039883f, -0.189028f, 0.981161f, -1.554488f,
-0.200731f, -0.960409f, -0.193189f, -0.958861f,

0.978494f, -0.206273f, 0.000361f, -0.001309f,
-0.040248f, -0.189205f, 0.981112f, -1.554488f,
-0.202309f, -0.960027f, -0.193438f, -0.958861f,

0.978152f, -0.207892f, 0.000362f, -0.001309f,
-0.040613f, -0.189382f, 0.981063f, -1.554488f,
-0.203886f, -0.959643f, -0.193687f, -0.958861f,

0.977806f, -0.209509f, 0.000362f, -0.001309f,
-0.040979f, -0.189558f, 0.981014f, -1.554488f,
-0.205463f, -0.959257f, -0.193936f, -0.958861f,

0.977459f, -0.211127f, 0.000363f, -0.001309f,
-0.041345f, -0.189733f, 0.980965f, -1.554488f,
-0.207039f, -0.958867f, -0.194185f, -0.958861f,

0.977108f, -0.212743f, 0.000363f, -0.001309f,
-0.041713f, -0.189907f, 0.980916f, -1.554488f,
-0.208614f, -0.958476f, -0.194434f, -0.958861f,

0.976755f, -0.214359f, 0.000364f, -0.001309f,
-0.042081f, -0.190081f, 0.980866f, -1.554488f,
-0.210189f, -0.958081f, -0.194683f, -0.958861f,

0.976399f, -0.215975f, 0.000364f, -0.001309f,
-0.042449f, -0.190254f, 0.980817f, -1.554488f,
-0.211762f, -0.957684f, -0.194932f, -0.958861f,

0.976040f, -0.217590f, 0.000365f, -0.001309f,
-0.042819f, -0.190426f, 0.980767f, -1.554488f,
-0.213335f, -0.957284f, -0.195181f, -0.958861f,

0.975679f, -0.219204f, 0.000366f, -0.001309f,
-0.043189f, -0.190598f, 0.980718f, -1.554488f,
-0.214907f, -0.956881f, -0.195429f, -0.958861f,

0.975315f, -0.220818f, 0.000366f, -0.001309f,
-0.043559f, -0.190769f, 0.980668f, -1.554488f,
-0.216479f, -0.956476f, -0.195678f, -0.958862f,

0.974949f, -0.222431f, 0.000367f, -0.001309f,
-0.043931f, -0.190939f, 0.980618f, -1.554488f,
-0.218049f, -0.956069f, -0.195927f, -0.958861f,

0.974579f, -0.224043f, 0.000367f, -0.001309f,
-0.044303f, -0.191108f, 0.980569f, -1.554488f,
-0.219619f, -0.955658f, -0.196176f, -0.958861f,

0.974207f, -0.225655f, 0.000368f, -0.001309f,
-0.044676f, -0.191277f, 0.980519f, -1.554488f,
-0.221188f, -0.955245f, -0.196425f, -0.958861f,

0.973833f, -0.227266f, 0.000369f, -0.001309f,
-0.045049f, -0.191445f, 0.980469f, -1.554488f,
-0.222757f, -0.954829f, -0.196673f, -0.958861f,

0.973455f, -0.228877f, 0.000369f, -0.001309f,
-0.045423f, -0.191612f, 0.980419f, -1.554488f,
-0.224324f, -0.954411f, -0.196922f, -0.958861f,

0.973075f, -0.230487f, 0.000370f, -0.001309f,
-0.045798f, -0.191779f, 0.980369f, -1.554488f,
-0.225891f, -0.953990f, -0.197171f, -0.958861f,

0.972693f, -0.232096f, 0.000370f, -0.001309f,
-0.046173f, -0.191944f, 0.980319f, -1.554488f,
-0.227457f, -0.953566f, -0.197420f, -0.958861f,

0.972308f, -0.233705f, 0.000371f, -0.001309f,
-0.046550f, -0.192110f, 0.980269f, -1.554488f,
-0.229022f, -0.953140f, -0.197668f, -0.958861f,

0.971920f, -0.235313f, 0.000371f, -0.001309f,
-0.046926f, -0.192274f, 0.980219f, -1.554488f,
-0.230586f, -0.952711f, -0.197917f, -0.958862f,

0.971529f, -0.236920f, 0.000372f, -0.001309f,
-0.047304f, -0.192437f, 0.980168f, -1.554488f,
-0.232150f, -0.952280f, -0.198166f, -0.958861f,

0.971136f, -0.238527f, 0.000373f, -0.001309f,
-0.047682f, -0.192600f, 0.980118f, -1.554488f,
-0.233713f, -0.951845f, -0.198414f, -0.958861f,

0.970740f, -0.240133f, 0.000373f, -0.001309f,
-0.048061f, -0.192762f, 0.980068f, -1.554488f,
-0.235275f, -0.951409f, -0.198663f, -0.958861f,

0.970341f, -0.241738f, 0.000374f, -0.001309f,
-0.048440f, -0.192924f, 0.980017f, -1.554488f,
-0.236836f, -0.950969f, -0.198912f, -0.958861f,

0.969940f, -0.243343f, 0.000374f, -0.001309f,
-0.048820f, -0.193084f, 0.979967f, -1.554488f,
-0.238396f, -0.950527f, -0.199160f, -0.958861f,

0.969536f, -0.244947f, 0.000375f, -0.001309f,
-0.049201f, -0.193244f, 0.979916f, -1.554488f,
-0.239955f, -0.950083f, -0.199409f, -0.958861f,

0.969130f, -0.246551f, 0.000376f, -0.001309f,
-0.049582f, -0.193404f, 0.979866f, -1.554488f,
-0.241514f, -0.949636f, -0.199658f, -0.958861f,

0.968721f, -0.248154f, 0.000376f, -0.001309f,
-0.049964f, -0.193562f, 0.979815f, -1.554488f,
-0.243072f, -0.949186f, -0.199906f, -0.958861f,

0.968309f, -0.249756f, 0.000377f, -0.001309f,
-0.050347f, -0.193720f, 0.979764f, -1.554488f,
-0.244629f, -0.948733f, -0.200155f, -0.958861f,

0.967894f, -0.251357f, 0.000377f, -0.001309f,
-0.050731f, -0.193877f, 0.979713f, -1.554488f,
-0.246185f, -0.948278f, -0.200403f, -0.958861f,

0.967477f, -0.252958f, 0.000378f, -0.001309f,
-0.051115f, -0.194033f, 0.979663f, -1.554488f,
-0.247740f, -0.947820f, -0.200652f, -0.958861f,

0.967057f, -0.254558f, 0.000378f, -0.001309f,
-0.051499f, -0.194188f, 0.979612f, -1.554488f,
-0.249294f, -0.947360f, -0.200901f, -0.958861f,

0.966635f, -0.256157f, 0.000379f, -0.001309f,
-0.051885f, -0.194343f, 0.979561f, -1.554488f,
-0.250848f, -0.946897f, -0.201149f, -0.958861f,

0.966210f, -0.257756f, 0.000380f, -0.001309f,
-0.052271f, -0.194497f, 0.979510f, -1.554488f,
-0.252400f, -0.946432f, -0.201398f, -0.958861f,

0.965782f, -0.259354f, 0.000380f, -0.001309f,
-0.052657f, -0.194650f, 0.979458f, -1.554488f,
-0.253952f, -0.945963f, -0.201646f, -0.958861f,

0.965352f, -0.260951f, 0.000381f, -0.001309f,
-0.053045f, -0.194802f, 0.979407f, -1.554488f,
-0.255503f, -0.945493f, -0.201895f, -0.958861f,

0.964919f, -0.262548f, 0.000381f, -0.001309f,
-0.053433f, -0.194954f, 0.979356f, -1.554488f,
-0.257053f, -0.945019f, -0.202143f, -0.958861f,

0.964483f, -0.264143f, 0.000382f, -0.001309f,
-0.053821f, -0.195105f, 0.979305f, -1.554488f,
-0.258602f, -0.944543f, -0.202392f, -0.958861f,

0.964045f, -0.265738f, 0.000383f, -0.001309f,
-0.054210f, -0.195255f, 0.979253f, -1.554488f,
-0.260150f, -0.944065f, -0.202640f, -0.958861f,

0.963604f, -0.267333f, 0.000383f, -0.001309f,
-0.054600f, -0.195404f, 0.979202f, -1.554488f,
-0.261698f, -0.943584f, -0.202889f, -0.958861f,

0.963161f, -0.268926f, 0.000384f, -0.001309f,
-0.054991f, -0.195553f, 0.979150f, -1.554488f,
-0.263244f, -0.943100f, -0.203137f, -0.958861f,

0.962715f, -0.270519f, 0.000384f, -0.001309f,
-0.055382f, -0.195700f, 0.979099f, -1.554488f,
-0.264790f, -0.942614f, -0.203386f, -0.958861f,

0.962266f, -0.272111f, 0.000385f, -0.001309f,
-0.055774f, -0.195847f, 0.979047f, -1.554488f,
-0.266335f, -0.942125f, -0.203634f, -0.958861f,

0.961814f, -0.273703f, 0.000385f, -0.001309f,
-0.056166f, -0.195994f, 0.978995f, -1.554488f,
-0.267878f, -0.941633f, -0.203882f, -0.958861f,

0.961360f, -0.275293f, 0.000386f, -0.001309f,
-0.056559f, -0.196139f, 0.978944f, -1.554488f,
-0.269421f, -0.941139f, -0.204131f, -0.958861f,

0.960903f, -0.276883f, 0.000387f, -0.001309f,
-0.056953f, -0.196284f, 0.978892f, -1.554488f,
-0.270963f, -0.940642f, -0.204379f, -0.958861f,

0.960444f, -0.278472f, 0.000387f, -0.001309f,
-0.057347f, -0.196428f, 0.978840f, -1.554488f,
-0.272504f, -0.940143f, -0.204627f, -0.958861f,

0.959982f, -0.280061f, 0.000388f, -0.001309f,
-0.057742f, -0.196571f, 0.978788f, -1.554488f,
-0.274044f, -0.939641f, -0.204876f, -0.958861f,

0.959518f, -0.281648f, 0.000388f, -0.001309f,
-0.058138f, -0.196713f, 0.978736f, -1.554488f,
-0.275583f, -0.939137f, -0.205124f, -0.958861f,

0.959050f, -0.283235f, 0.000389f, -0.001309f,
-0.058534f, -0.196855f, 0.978684f, -1.554488f,
-0.277121f, -0.938630f, -0.205372f, -0.958861f,

0.958581f, -0.284821f, 0.000390f, -0.001309f,
-0.058931f, -0.196995f, 0.978632f, -1.554488f,
-0.278658f, -0.938120f, -0.205621f, -0.958861f,

0.958108f, -0.286407f, 0.000390f, -0.001309f,
-0.059328f, -0.197136f, 0.978579f, -1.554488f,
-0.280195f, -0.937608f, -0.205869f, -0.958861f,

0.957633f, -0.287991f, 0.000391f, -0.001309f,
-0.059726f, -0.197275f, 0.978527f, -1.554488f,
-0.281730f, -0.937093f, -0.206117f, -0.958861f,

0.957155f, -0.289575f, 0.000391f, -0.001309f,
-0.060125f, -0.197413f, 0.978475f, -1.554488f,
-0.283264f, -0.936576f, -0.206366f, -0.958861f,

0.956675f, -0.291158f, 0.000392f, -0.001309f,
-0.060524f, -0.197551f, 0.978422f, -1.554488f,
-0.284798f, -0.936056f, -0.206614f, -0.958861f,

0.956192f, -0.292740f, 0.000392f, -0.001309f,
-0.060924f, -0.197688f, 0.978370f, -1.554488f,
-0.286330f, -0.935534f, -0.206862f, -0.958861f,

0.955706f, -0.294321f, 0.000393f, -0.001309f,
-0.061324f, -0.197824f, 0.978318f, -1.554488f,
-0.287862f, -0.935008f, -0.207110f, -0.958861f,

0.955218f, -0.295902f, 0.000394f, -0.001309f,
-0.061726f, -0.197959f, 0.978265f, -1.554488f,
-0.289392f, -0.934481f, -0.207359f, -0.958861f,

0.954728f, -0.297481f, 0.000394f, -0.001309f,
-0.062127f, -0.198093f, 0.978212f, -1.554488f,
-0.290922f, -0.933951f, -0.207607f, -0.958862f,

0.954234f, -0.299060f, 0.000395f, -0.001309f,
-0.062530f, -0.198227f, 0.978160f, -1.554488f,
-0.292450f, -0.933418f, -0.207855f, -0.958861f,

0.953738f, -0.300638f, 0.000395f, -0.001309f,
-0.062933f, -0.198360f, 0.978107f, -1.554488f,
-0.293978f, -0.932883f, -0.208103f, -0.958861f,

0.953240f, -0.302216f, 0.000396f, -0.001309f,
-0.063336f, -0.198492f, 0.978054f, -1.554488f,
-0.295505f, -0.932345f, -0.208351f, -0.958861f,

0.952738f, -0.303792f, 0.000397f, -0.001309f,
-0.063740f, -0.198623f, 0.978001f, -1.554488f,
-0.297030f, -0.931804f, -0.208599f, -0.958861f,

0.952234f, -0.305368f, 0.000397f, -0.001309f,
-0.064145f, -0.198753f, 0.977948f, -1.554488f,
-0.298555f, -0.931261f, -0.208848f, -0.958861f,

0.951728f, -0.306943f, 0.000398f, -0.001309f,
-0.064551f, -0.198883f, 0.977895f, -1.554488f,
-0.300078f, -0.930716f, -0.209096f, -0.958861f,

0.951219f, -0.308516f, 0.000398f, -0.001309f,
-0.064957f, -0.199012f, 0.977842f, -1.554488f,
-0.301601f, -0.930168f, -0.209344f, -0.958861f,

0.950707f, -0.310089f, 0.000399f, -0.001309f,
-0.065363f, -0.199140f, 0.977789f, -1.554488f,
-0.303123f, -0.929617f, -0.209592f, -0.958861f,

0.950193f, -0.311662f, 0.000399f, -0.001309f,
-0.065770f, -0.199267f, 0.977736f, -1.554488f,
-0.304643f, -0.929064f, -0.209840f, -0.958861f,

0.949676f, -0.313233f, 0.000400f, -0.001309f,
-0.066178f, -0.199393f, 0.977682f, -1.554488f,
-0.306163f, -0.928508f, -0.210088f, -0.958861f,

0.949157f, -0.314804f, 0.000401f, -0.001309f,
-0.066586f, -0.199519f, 0.977629f, -1.554488f,
-0.307681f, -0.927950f, -0.210336f, -0.958861f,

0.948635f, -0.316373f, 0.000401f, -0.001309f,
-0.066995f, -0.199643f, 0.977576f, -1.554488f,
-0.309199f, -0.927389f, -0.210584f, -0.958861f,

0.948110f, -0.317942f, 0.000402f, -0.001309f,
-0.067405f, -0.199767f, 0.977522f, -1.554488f,
-0.310715f, -0.926826f, -0.210832f, -0.958861f,

0.947583f, -0.319510f, 0.000402f, -0.001309f,
-0.067815f, -0.199890f, 0.977469f, -1.554488f,
-0.312231f, -0.926260f, -0.211080f, -0.958861f,

0.947053f, -0.321077f, 0.000403f, -0.001309f,
-0.068226f, -0.200013f, 0.977415f, -1.554488f,
-0.313745f, -0.925691f, -0.211328f, -0.958861f,

0.946521f, -0.322643f, 0.000404f, -0.001309f,
-0.068637f, -0.200134f, 0.977362f, -1.554488f,
-0.315258f, -0.925120f, -0.211576f, -0.958861f,

0.945986f, -0.324208f, 0.000404f, -0.001309f,
-0.069049f, -0.200255f, 0.977308f, -1.554488f,
-0.316770f, -0.924547f, -0.211824f, -0.958861f,

0.945448f, -0.325773f, 0.000405f, -0.001309f,
-0.069461f, -0.200374f, 0.977254f, -1.554488f,
-0.318282f, -0.923971f, -0.212072f, -0.958861f,

0.944908f, -0.327336f, 0.000405f, -0.001309f,
-0.069874f, -0.200493f, 0.977200f, -1.554488f,
-0.319792f, -0.923392f, -0.212320f, -0.958861f,

0.944365f, -0.328899f, 0.000406f, -0.001309f,
-0.070288f, -0.200611f, 0.977146f, -1.554488f,
-0.321301f, -0.922811f, -0.212568f, -0.958861f,

0.943820f, -0.330461f, 0.000406f, -0.001309f,
-0.070702f, -0.200729f, 0.977092f, -1.554488f,
-0.322809f, -0.922228f, -0.212816f, -0.958861f,

0.943272f, -0.332022f, 0.000407f, -0.001309f,
-0.071117f, -0.200845f, 0.977038f, -1.554488f,
-0.324316f, -0.921641f, -0.213064f, -0.958861f,

0.942721f, -0.333581f, 0.000408f, -0.001309f,
-0.071532f, -0.200961f, 0.976984f, -1.554488f,
-0.325822f, -0.921053f, -0.213312f, -0.958861f,

0.942168f, -0.335140f, 0.000408f, -0.001309f,
-0.071948f, -0.201075f, 0.976930f, -1.554488f,
-0.327327f, -0.920462f, -0.213560f, -0.958861f,

0.941612f, -0.336699f, 0.000409f, -0.001309f,
-0.072365f, -0.201189f, 0.976876f, -1.554488f,
-0.328830f, -0.919868f, -0.213808f, -0.958861f,

0.941054f, -0.338256f, 0.000409f, -0.001309f,
-0.072782f, -0.201302f, 0.976822f, -1.554488f,
-0.330333f, -0.919272f, -0.214055f, -0.958861f,

0.940493f, -0.339812f, 0.000410f, -0.001309f,
-0.073199f, -0.201415f, 0.976767f, -1.554488f,
-0.331834f, -0.918673f, -0.214303f, -0.958861f,

0.939930f, -0.341367f, 0.000411f, -0.001309f,
-0.073618f, -0.201526f, 0.976713f, -1.554488f,
-0.333335f, -0.918072f, -0.214551f, -0.958861f,

0.939364f, -0.342922f, 0.000411f, -0.001309f,
-0.074036f, -0.201637f, 0.976658f, -1.554488f,
-0.334834f, -0.917468f, -0.214799f, -0.958861f,

0.938795f, -0.344475f, 0.000412f, -0.001309f,
-0.074456f, -0.201746f, 0.976604f, -1.554488f,
-0.336332f, -0.916862f, -0.215047f, -0.958861f,

0.938224f, -0.346027f, 0.000412f, -0.001309f,
-0.074876f, -0.201855f, 0.976549f, -1.554488f,
-0.337830f, -0.916253f, -0.215294f, -0.958861f,

0.937651f, -0.347579f, 0.000413f, -0.001309f,
-0.075296f, -0.201963f, 0.976494f, -1.554488f,
-0.339326f, -0.915642f, -0.215542f, -0.958862f,

0.937074f, -0.349129f, 0.000413f, -0.001309f,
-0.075717f, -0.202070f, 0.976440f, -1.554488f,
-0.340820f, -0.915028f, -0.215790f, -0.958861f,

0.936496f, -0.350679f, 0.000414f, -0.001309f,
-0.076139f, -0.202177f, 0.976385f, -1.554488f,
-0.342314f, -0.914412f, -0.216038f, -0.958861f,

0.935914f, -0.352228f, 0.000415f, -0.001309f,
-0.076561f, -0.202282f, 0.976330f, -1.554488f,
-0.343807f, -0.913793f, -0.216285f, -0.958861f,

0.935330f, -0.353776f, 0.000415f, -0.001309f,
-0.076983f, -0.202387f, 0.976275f, -1.554488f,
-0.345298f, -0.913172f, -0.216533f, -0.958861f,

0.934744f, -0.355322f, 0.000416f, -0.001309f,
-0.077406f, -0.202490f, 0.976220f, -1.554488f,
-0.346789f, -0.912548f, -0.216781f, -0.958861f,

0.934155f, -0.356868f, 0.000416f, -0.001309f,
-0.077830f, -0.202593f, 0.976165f, -1.554488f,
-0.348278f, -0.911922f, -0.217028f, -0.958862f,

0.933563f, -0.358413f, 0.000417f, -0.001309f,
-0.078255f, -0.202695f, 0.976110f, -1.554488f,
-0.349766f, -0.911293f, -0.217276f, -0.958862f,

0.932969f, -0.359957f, 0.000418f, -0.001309f,
-0.078679f, -0.202796f, 0.976055f, -1.554488f,
-0.351253f, -0.910662f, -0.217524f, -0.958861f,

0.932372f, -0.361499f, 0.000418f, -0.001309f,
-0.079105f, -0.202897f, 0.976000f, -1.554488f,
-0.352738f, -0.910028f, -0.217771f, -0.958861f,

0.931773f, -0.363041f, 0.000419f, -0.001309f,
-0.079531f, -0.202996f, 0.975944f, -1.554488f,
-0.354223f, -0.909392f, -0.218019f, -0.958861f,

0.931171f, -0.364582f, 0.000419f, -0.001309f,
-0.079957f, -0.203095f, 0.975889f, -1.554488f,
-0.355707f, -0.908753f, -0.218267f, -0.958861f,

0.930567f, -0.366122f, 0.000420f, -0.001309f,
-0.080384f, -0.203192f, 0.975834f, -1.554488f,
-0.357189f, -0.908112f, -0.218514f, -0.958861f,

0.929960f, -0.367661f, 0.000420f, -0.001309f,
-0.080812f, -0.203289f, 0.975778f, -1.554488f,
-0.358670f, -0.907469f, -0.218762f, -0.958861f,

0.929350f, -0.369199f, 0.000421f, -0.001309f,
-0.081240f, -0.203385f, 0.975723f, -1.554488f,
-0.360150f, -0.906822f, -0.219009f, -0.958861f,

0.928738f, -0.370735f, 0.000422f, -0.001309f,
-0.081668f, -0.203480f, 0.975667f, -1.554488f,
-0.361629f, -0.906174f, -0.219257f, -0.958861f,

0.928124f, -0.372271f, 0.000422f, -0.001309f,
-0.082098f, -0.203574f, 0.975611f, -1.554488f,
-0.363106f, -0.905523f, -0.219505f, -0.958861f,

0.927507f, -0.373806f, 0.000423f, -0.001309f,
-0.082527f, -0.203667f, 0.975556f, -1.554488f,
-0.364582f, -0.904869f, -0.219752f, -0.958861f,

0.926887f, -0.375340f, 0.000423f, -0.001309f,
-0.082957f, -0.203760f, 0.975500f, -1.554488f,
-0.366058f, -0.904213f, -0.220000f, -0.958861f,

0.926265f, -0.376873f, 0.000424f, -0.001309f,
-0.083388f, -0.203851f, 0.975444f, -1.554488f,
-0.367532f, -0.903555f, -0.220247f, -0.958861f,

0.925640f, -0.378404f, 0.000425f, -0.001309f,
-0.083819f, -0.203942f, 0.975388f, -1.554488f,
-0.369004f, -0.902894f, -0.220495f, -0.958861f,

0.925013f, -0.379935f, 0.000425f, -0.001309f,
-0.084251f, -0.204032f, 0.975332f, -1.554488f,
-0.370476f, -0.902231f, -0.220742f, -0.958861f,

0.924383f, -0.381465f, 0.000426f, -0.001309f,
-0.084683f, -0.204121f, 0.975276f, -1.554488f,
-0.371946f, -0.901565f, -0.220989f, -0.958861f,

0.923751f, -0.382993f, 0.000426f, -0.001309f,
-0.085116f, -0.204209f, 0.975220f, -1.554488f,
-0.373416f, -0.900897f, -0.221237f, -0.958861f,

0.923116f, -0.384521f, 0.000427f, -0.001309f,
-0.085550f, -0.204296f, 0.975164f, -1.554488f,
-0.374883f, -0.900226f, -0.221484f, -0.958861f,

0.922479f, -0.386047f, 0.000427f, -0.001309f,
-0.085983f, -0.204382f, 0.975108f, -1.554488f,
-0.376350f, -0.899553f, -0.221732f, -0.958861f,

0.921839f, -0.387573f, 0.000428f, -0.001309f,
-0.086418f, -0.204467f, 0.975051f, -1.554488f,
-0.377816f, -0.898877f, -0.221979f, -0.958861f,

0.921197f, -0.389097f, 0.000429f, -0.001309f,
-0.086853f, -0.204552f, 0.974995f, -1.554488f,
-0.379280f, -0.898199f, -0.222227f, -0.958861f,

0.920552f, -0.390620f, 0.000429f, -0.001309f,
-0.087288f, -0.204635f, 0.974939f, -1.554488f,
-0.380743f, -0.897519f, -0.222474f, -0.958861f,

0.919904f, -0.392143f, 0.000430f, -0.001309f,
-0.087724f, -0.204718f, 0.974882f, -1.554488f,
-0.382205f, -0.896836f, -0.222721f, -0.958861f,

0.919254f, -0.393664f, 0.000430f, -0.001309f,
-0.088160f, -0.204800f, 0.974826f, -1.554488f,
-0.383665f, -0.896151f, -0.222969f, -0.958861f,

0.918602f, -0.395184f, 0.000431f, -0.001309f,
-0.088597f, -0.204881f, 0.974769f, -1.554488f,
-0.385125f, -0.895463f, -0.223216f, -0.958861f,

0.917947f, -0.396703f, 0.000432f, -0.001309f,
-0.089035f, -0.204961f, 0.974712f, -1.554488f,
-0.386583f, -0.894773f, -0.223463f, -0.958861f,

0.917289f, -0.398221f, 0.000432f, -0.001309f,
-0.089473f, -0.205040f, 0.974655f, -1.554488f,
-0.388039f, -0.894080f, -0.223711f, -0.958861f,

0.916630f, -0.399738f, 0.000433f, -0.001309f,
-0.089911f, -0.205118f, 0.974599f, -1.554488f,
-0.389495f, -0.893385f, -0.223958f, -0.958861f,

0.915967f, -0.401253f, 0.000433f, -0.001309f,
-0.090350f, -0.205195f, 0.974542f, -1.554488f,
-0.390949f, -0.892687f, -0.224205f, -0.958861f,

0.915302f, -0.402768f, 0.000434f, -0.001309f,
-0.090789f, -0.205272f, 0.974485f, -1.554488f,
-0.392402f, -0.891987f, -0.224452f, -0.958861f,

0.914634f, -0.404282f, 0.000434f, -0.001309f,
-0.091229f, -0.205347f, 0.974428f, -1.554488f,
-0.393854f, -0.891285f, -0.224700f, -0.958861f,

0.913965f, -0.405794f, 0.000435f, -0.001309f,
-0.091670f, -0.205422f, 0.974371f, -1.554488f,
-0.395305f, -0.890580f, -0.224947f, -0.958861f,

0.913292f, -0.407305f, 0.000436f, -0.001309f,
-0.092110f, -0.205495f, 0.974314f, -1.554488f,
-0.396754f, -0.889873f, -0.225194f, -0.958861f,

0.912617f, -0.408816f, 0.000436f, -0.001309f,
-0.092552f, -0.205568f, 0.974257f, -1.554488f,
-0.398202f, -0.889163f, -0.225441f, -0.958861f,

0.911939f, -0.410325f, 0.000437f, -0.001309f,
-0.092994f, -0.205640f, 0.974199f, -1.554488f,
-0.399648f, -0.888451f, -0.225688f, -0.958861f,

0.911259f, -0.411833f, 0.000437f, -0.001309f,
-0.093436f, -0.205711f, 0.974142f, -1.554488f,
-0.401093f, -0.887737f, -0.225936f, -0.958861f,

0.910577f, -0.413339f, 0.000438f, -0.001309f,
-0.093879f, -0.205781f, 0.974085f, -1.554488f,
-0.402537f, -0.887020f, -0.226183f, -0.958861f,

0.909892f, -0.414845f, 0.000438f, -0.001309f,
-0.094322f, -0.205850f, 0.974027f, -1.554488f,
-0.403980f, -0.886301f, -0.226430f, -0.958861f,

0.909204f, -0.416350f, 0.000439f, -0.001309f,
-0.094766f, -0.205918f, 0.973970f, -1.554488f,
-0.405422f, -0.885579f, -0.226677f, -0.958861f,

0.908514f, -0.417853f, 0.000440f, -0.001309f,
-0.095210f, -0.205985f, 0.973912f, -1.554488f,
-0.406862f, -0.884855f, -0.226924f, -0.958861f,

0.907822f, -0.419356f, 0.000440f, -0.001309f,
-0.095655f, -0.206051f, 0.973855f, -1.554488f,
-0.408301f, -0.884129f, -0.227171f, -0.958861f,

0.907127f, -0.420857f, 0.000441f, -0.001309f,
-0.096100f, -0.206117f, 0.973797f, -1.554488f,
-0.409738f, -0.883400f, -0.227418f, -0.958861f,

0.906430f, -0.422357f, 0.000441f, -0.001309f,
-0.096546f, -0.206181f, 0.973739f, -1.554488f,
-0.411174f, -0.882669f, -0.227665f, -0.958861f,

0.905730f, -0.423855f, 0.000442f, -0.001309f,
-0.096992f, -0.206245f, 0.973682f, -1.554488f,
-0.412609f, -0.881935f, -0.227913f, -0.958861f,

0.905027f, -0.425353f, 0.000443f, -0.001309f,
-0.097438f, -0.206307f, 0.973624f, -1.554488f,
-0.414043f, -0.881199f, -0.228160f, -0.958861f,

0.904323f, -0.426850f, 0.000443f, -0.001309f,
-0.097885f, -0.206369f, 0.973566f, -1.554488f,
-0.415475f, -0.880461f, -0.228407f, -0.958861f,

0.903615f, -0.428345f, 0.000444f, -0.001309f,
-0.098333f, -0.206430f, 0.973508f, -1.554488f,
-0.416906f, -0.879720f, -0.228654f, -0.958861f,

0.902905f, -0.429839f, 0.000444f, -0.001309f,
-0.098781f, -0.206490f, 0.973450f, -1.554488f,
-0.418335f, -0.878977f, -0.228901f, -0.958861f,

0.902193f, -0.431332f, 0.000445f, -0.001309f,
-0.099229f, -0.206549f, 0.973391f, -1.554488f,
-0.419763f, -0.878231f, -0.229148f, -0.958861f,

0.901478f, -0.432824f, 0.000445f, -0.001309f,
-0.099678f, -0.206607f, 0.973333f, -1.554488f,
-0.421190f, -0.877483f, -0.229395f, -0.958861f,

0.900761f, -0.434315f, 0.000446f, -0.001309f,
-0.100128f, -0.206664f, 0.973275f, -1.554488f,
-0.422615f, -0.876733f, -0.229641f, -0.958861f,

0.900041f, -0.435804f, 0.000447f, -0.001309f,
-0.100578f, -0.206720f, 0.973217f, -1.554488f,
-0.424039f, -0.875980f, -0.229888f, -0.958861f,

0.899319f, -0.437292f, 0.000447f, -0.001309f,
-0.101028f, -0.206775f, 0.973159f, -1.554488f,
-0.425462f, -0.875226f, -0.230135f, -0.958861f,

0.898595f, -0.438779f, 0.000448f, -0.001309f,
-0.101479f, -0.206829f, 0.973100f, -1.554488f,
-0.426884f, -0.874468f, -0.230382f, -0.958861f,

0.897868f, -0.440265f, 0.000448f, -0.001309f,
-0.101930f, -0.206882f, 0.973042f, -1.554488f,
-0.428304f, -0.873708f, -0.230629f, -0.958861f,

0.897138f, -0.441750f, 0.000449f, -0.001309f,
-0.102381f, -0.206935f, 0.972983f, -1.554488f,
-0.429722f, -0.872946f, -0.230876f, -0.958861f,

0.896406f, -0.443233f, 0.000450f, -0.001309f,
-0.102833f, -0.206986f, 0.972924f, -1.554488f,
-0.431139f, -0.872182f, -0.231123f, -0.958861f,

0.895672f, -0.444716f, 0.000450f, -0.001309f,
-0.103286f, -0.207037f, 0.972866f, -1.554488f,
-0.432555f, -0.871415f, -0.231370f, -0.958861f,

0.894935f, -0.446197f, 0.000451f, -0.001309f,
